0.2040 0.2000 0.2000 0.2000 0.2000 0.1980 0.1980 0.2000 0.2000 0.2000 0.2000 0.2000 0.2000 0.2000 0.1980 0.2000 0.2000 0.2000 0.1980 0.2000
|
0.4740 0.2100 0.1660 0.1240 0.2220 0.2140 0.1660 0.1700 0.1980 0.2180 0.2960 0.1720 0.2660 0.2020 0.2100 0.1460 0.2600 0.2680 0.1700 0.1720
0.3840 0.3460 0.1860 0.1220 0.1800 0.2200 0.1300 0.1820 0.2000 0.1580 0.2600 0.1800 0.2260 0.1840 0.1740 0.0960 0.3060 0.2360 0.2360 0.1360
0.2280 0.2580 0.3680 0.1180 0.2000 0.2100 0.2120 0.2040 0.2000 0.1740 0.2020 0.1880 0.2220 0.1300 0.1320 0.1560 0.2040 0.2420 0.2200 0.1460
0.2400 0.2940 0.3860 0.5100 0.1960 0.2240 0.1620 0.2020 0.1920 0.1360 0.2320 0.1960 0.2440 0.1180 0.1360 0.1280 0.2640 0.2960 0.1400 0.2580
0.2520 0.2900 0.4400 0.4720 0.6360 0.2420 0.2060 0.2020 0.1960 0.1380 0.2840 0.1940 0.2200 0.1300 0.1280 0.1960 0.2220 0.2920 0.1680 0.1000
0.2260 0.2400 0.3180 0.4500 0.5720 0.4000 0.1360 0.2140 0.1420 0.1180 0.2660 0.1920 0.1960 0.1720 0.0720 0.1960 0.1580 0.2280 0.1460 0.2120
0.1980 0.2040 0.2660 0.2020 0.3180 0.2900 0.5860 0.2100 0.1840 0.1420 0.2900 0.1840 0.1320 0.1920 0.1160 0.1820 0.2240 0.2840 0.1840 0.2360
0.1240 0.1840 0.2420 0.3200 0.3120 0.3560 0.5560 0.5140 0.1600 0.1220 0.3760 0.1860 0.2600 0.2220 0.1540 0.1380 0.1860 0.2480 0.3040 0.1800
0.1760 0.2140 0.2380 0.3260 0.3520 0.4380 0.4480 0.3900 0.4700 0.1580 0.3460 0.1580 0.2600 0.1960 0.1620 0.1640 0.2000 0.2160 0.2640 0.1560
0.1960 0.2420 0.2480 0.3220 0.4640 0.3400 0.4740 0.3520 0.4760 0.6620 0.3600 0.1600 0.2340 0.1100 0.1840 0.1120 0.1880 0.1680 0.2460 0.1380
0.2600 0.2920 0.2480 0.3400 0.4500 0.3960 0.4600 0.4060 0.4580 0.6200 0.7840 0.1040 0.2100 0.1560 0.1560 0.1760 0.1940 0.1880 0.2620 0.2300
0.3700 0.2320 0.2240 0.2080 0.3920 0.3020 0.4120 0.2980 0.3280 0.5400 0.7120 0.5820 0.1960 0.1660 0.1020 0.1400 0.1260 0.1980 0.2820 0.1260
0.1700 0.1880 0.2800 0.1920 0.3240 0.3240 0.4040 0.3460 0.4820 0.5020 0.5700 0.4960 0.6760 0.1760 0.1060 0.1820 0.1460 0.1580 0.2280 0.2300
0.2020 0.1660 0.2820 0.2240 0.2880 0.3060 0.3820 0.3440 0.3720 0.4620 0.5580 0.4700 0.6220 0.7000 0.1180 0.1720 0.2020 0.1940 0.1760 0.1760
0.3040 0.2160 0.2860 0.2140 0.3000 0.2620 0.2960 0.3140 0.3100 0.5020 0.3940 0.4480 0.6160 0.6100 0.7000 0.1480 0.1400 0.1760 0.2080 0.1480
0.2380 0.2240 0.2180 0.2200 0.3820 0.2600 0.3460 0.3360 0.3200 0.4760 0.4380 0.4880 0.5980 0.4880 0.6440 0.6220 0.1360 0.1980 0.2880 0.1620
0.2340 0.2180 0.2960 0.2720 0.4700 0.2840 0.3940 0.3180 0.4160 0.4820 0.5580 0.5640 0.6180 0.4720 0.6020 0.5480 0.7040 0.2040 0.3140 0.1540
0.1920 0.2200 0.2320 0.3080 0.3600 0.2620 0.4380 0.3600 0.3960 0.5060 0.5900 0.5440 0.6320 0.4420 0.6240 0.4980 0.5380 0.6720 0.2580 0.1500
0.1800 0.2200 0.3020 0.2140 0.3840 0.2960 0.4100 0.2980 0.4160 0.3900 0.5120 0.4600 0.5880 0.3680 0.5460 0.4540 0.6000 0.4740 0.7060 0.1840
0.2320 0.2080 0.2160 0.2140 0.2940 0.3300 0.4480 0.3300 0.3860 0.4900 0.6560 0.4760 0.6480 0.5040 0.6880 0.5060 0.5780 0.4760 0.6860 0.6940

Final Accuracy: 0.4530
Backward: -0.1373
Forward:  -0.0146
